Correlation:[[1.         0.88261932]
 [0.88261932 1.        ]]
RMSE:12450.709913812763
MAE:64.40382415864745
Over:18.5
Under:81.5
AvePerError:58.09194534309656
Nash:0.7516736188722509
