Correlation:[[1.         0.88262122]
 [0.88262122 1.        ]]
RMSE:12450.585091516785
MAE:64.40302370658677
Over:18.5
Under:81.5
AvePerError:58.090506509951766
Nash:0.7516761084225865
